0    0    22   
1    0    39   
2    49   19   
3    49   24   
4    0    40   
5    33   0    
6    0    28   
7    18   49   
8    0    42   
9    48   49   
10   0    44   
11   0    14   
12   47   0    
13   35   49   
14   49   22   
15   49   26   
16   49   12   
17   0    4    
18   30   0    
19   47   49   
20   14   0    
21   18   0    
22   49   4    
23   49   34   
24   0    6    
25   49   17   
26   49   30   
27   11   49   
28   49   9    
29   12   49   
30   23   0    
31   49   48   
32   24   49   
33   0    20   
34   0    5    
35   40   0    
36   0    11   
37   6    0    
38   49   20   
39   49   37   
40   4    49   
41   49   14   
42   13   0    
43   49   42   
44   8    0    
45   2    0    
46   46   49   
47   44   0    
48   39   0    
49   49   39   
50   0    17   
51   0    37   
52   21   49   
53   0    32   
54   45   0    
55   7    49   
56   10   0    
57   41   49   
58   7    0    
59   49   7    
60   49   31   
61   49   21   
62   0    26   
63   22   0    
64   48   0    
65   29   0    
66   49   18   
67   35   0    
68   3    0    
69   0    33   
70   49   47   
71   43   0    
72   49   1    
73   15   0    
74   42   0    
75   45   49   
76   46   0    
77   16   49   
78   10   49   
79   0    2    
80   49   36   
81   6    49   
82   0    24   
83   0    36   
84   0    15   
85   49   10   
86   49   33   
87   20   49   
88   3    49   
89   40   49   
90   49   43   
91   42   49   
92   49   46   
93   49   3    
94   20   0    
95   0    47   
96   0    1    
97   39   49   
98   0    21   
99   9    0    
100  13   49   
101  34   0    
102  49   23   
103  31   49   
104  5    0    
105  0    13   
106  0    10   
107  49   32   
108  49   29   
109  49   27   
110  31   0    
111  26   49   
112  41   0    
113  2    49   
114  49   16   
115  29   49   
116  12   0    
117  49   8    
118  0    43   
119  28   49   
120  23   49   
121  49   28   
122  49   5    
123  27   0    
124  22   49   
125  0    23   
126  0    9    
127  49   2    
128  32   0    
129  27   49   
130  49   41   
131  28   0    
132  0    30   
133  49   44   
134  34   49   
135  21   0    
136  49   38   
137  0    19   
138  37   0    
139  14   49   
140  9    49   
141  1    49   
142  17   0    
143  36   49   
144  15   49   
145  38   49   
146  0    31   
147  1    0    
148  0    7    
149  24   0    
150  4    0    
151  0    45   
152  16   0    
153  39   32   
154  17   28   
155  4    26   
156  30   26   
157  41   20   
158  33   45   
159  20   25   
160  31   47   
161  23   29   
162  26   21   
163  25   25   
164  25   46   
165  26   41   
166  6    36   
167  12   2    
168  38   31   
169  18   8    
170  8    38   
171  46   19   
172  20   46   
173  31   12   
174  13   28   
175  17   7    
176  38   16   
177  21   27   
178  30   47   
179  47   22   
180  39   31   
181  35   41   
182  42   20   
183  14   29   
184  9    31   
185  37   32   
186  19   23   
187  34   26   
188  36   17   
189  42   39   
190  42   21   
191  27   45   
192  20   3    
193  23   8    
194  47   34   
195  42   43   
196  44   40   
197  25   2    
198  21   9    
199  13   33   
200  10   17   
201  35   29   
202  16   47   
203  10   32   
204  30   8    
205  30   41   
206  24   14   
207  29   44   
208  9    15   
209  33   32   
210  32   2    
211  37   28   
212  12   40   
213  2    5    
214  28   12   
215  16   35   
216  13   22   
217  43   15   
218  20   26   
219  30   22   
220  8    27   
221  5    28   
222  45   16   
223  31   26   
224  19   8    
225  48   33   
226  35   13   
227  14   17   
228  10   28   
229  37   8    
230  28   10   
231  37   41   
232  46   20   
233  12   39   
234  12   35   
235  15   33   
236  31   6    
237  33   18   
238  18   27   
239  30   38   
240  40   34   
241  19   29   
242  6    17   
243  23   14   
244  40   24   
245  22   39   
246  41   34   
247  8    2    
248  42   30   
249  29   28   
250  30   46   
251  35   30   
252  21   24   
253  7    21   
254  9    10   
255  32   24   
256  38   20   
257  31   37   
258  10   10   
259  11   44   
260  31   32   
261  24   25   
262  27   40   
263  19   11   
264  10   33   
265  44   6    
266  14   41   
267  27   33   
268  9    19   
269  6    13   
270  33   35   
271  32   31   
272  2    6    
273  12   24   
274  41   37   
275  41   5    
276  7    30   
277  22   16   
278  7    23   
279  16   18   
280  35   16   
281  2    38   
282  3    2    
283  22   28   
284  30   31   
285  32   15   
286  27   16   
287  30   48   
288  25   9    
289  46   33   
290  43   4    
291  45   8    
292  3    38   
293  15   1    
294  34   25   
295  16   38   
296  42   46   
297  44   1    
298  11   23   
299  22   25   
300  35   14   
301  16   23   
302  35   26   
303  29   8    
304  14   25   
305  21   31   
306  9    8    
307  29   18   
308  21   23   
309  27   32   
310  10   8    
311  42   38   
312  35   47   
313  12   16   
314  11   25   
315  1    32   
316  43   30   
317  7    32   
318  11   1    
319  14   5    
320  40   35   
321  15   30   
322  9    27   
323  13   21   
324  41   19   
325  19   3    
326  9    4    
327  25   13   
328  43   44   
329  31   29   
330  24   1    
331  5    22   
332  43   37   
333  26   45   
334  41   17   
335  14   35   
336  1    27   
337  36   14   
338  25   42   
339  34   18   
340  5    30   
341  27   42   
342  23   20   
343  36   11   
344  40   13   
345  32   44   
346  23   10   
347  26   24   
348  34   39   
349  23   9    
350  29   24   
351  43   11   
352  15   35   
353  32   11   
354  12   29   
355  28   38   
356  19   37   
357  34   13   
358  6    21   
359  23   42   
360  42   22   
361  2    28   
362  46   15   
363  11   9    
364  6    9    
365  24   36   
366  8    22   
367  38   32   
368  30   19   
369  1    25   
370  32   45   
371  10   36   
372  42   15   
373  21   12   
374  28   29   
375  26   18   
376  24   10   
377  47   17   
378  25   21   
379  9    9    
380  45   10   
381  14   44   
382  46   10   
383  7    8    
384  19   18   
385  6    33   
386  32   35   
387  36   30   
388  9    22   
389  11   31   
390  24   33   
391  18   38   
392  15   4    
393  37   2    
394  22   26   
395  30   7    
396  12   14   
397  21   22   
398  27   8    
399  48   17   
400  17   39   
401  17   4    
402  42   9    
403  47   31   
404  37   14   
405  26   9    
406  0    25   
407  17   15   
408  13   29   
409  22   33   
410  23   35   
411  7    16   
412  12   31   
413  33   9    
414  11   40   
415  28   15   
416  47   3    
417  42   44   
418  19   19   
419  23   28   
420  9    3    
421  22   7    
422  39   6    
423  0    27   
424  11   22   
425  46   8    
426  5    38   
427  4    35   
428  46   24   
429  17   16   
430  29   47   
431  21   15   
432  42   48   
433  33   27   
434  29   41   
435  27   5    
436  24   6    
437  5    47   
438  28   44   
439  36   48   
440  5    39   
441  8    11   
442  30   32   
443  1    17   
444  18   33   
445  7    33   
446  32   18   
447  15   8    
448  40   38   
449  46   29   
450  20   1    
451  17   33   
452  21   36   
453  27   35   
454  14   38   
455  22   30   
456  15   12   
457  11   20   
458  7    15   
459  21   34   
460  31   45   
461  39   10   
462  10   31   
463  33   20   
464  28   32   
465  29   17   
466  38   22   
467  35   40   
468  40   25   
469  37   26   
470  24   43   
471  23   41   
472  2    18   
473  31   10   
474  25   5    
475  35   36   
476  33   36   
477  18   9    
478  29   9    
479  47   18   
480  4    11   
481  14   24   
482  43   43   
483  23   21   
484  34   17   
485  12   25   
486  29   35   
487  25   39   
488  15   18   
489  17   1    
490  5    26   
491  20   2    
492  36   21   
493  24   35   
494  29   39   
495  34   37   
496  43   27   
497  19   36   
498  21   1    
499  13   26   
500  31   21   
501  19   38   
502  35   15   
503  25   6    
504  8    37   
505  9    28   
506  40   1    
507  15   5    
508  19   26   
509  10   43   
510  43   28   
511  9    39   
512  35   12   
513  25   48   
514  31   25   
515  17   8    
516  20   20   
517  20   43   
518  25   29   
519  34   5    
520  39   8    
521  13   34   
522  1    42   
523  42   33   
524  38   3    
525  24   44   
526  48   4    
527  48   5    
528  13   9    
529  43   2    
530  35   38   
531  13   43   
532  27   11   
533  14   13   
534  20   30   
535  3    16   
536  18   16   
537  1    28   
538  25   18   
539  20   4    
540  15   37   
541  0    16   
542  31   9    
543  37   40   
544  35   31   
545  46   26   
546  22   45   
547  23   30   
548  17   3    
549  25   26   
550  19   41   
551  8    14   
552  42   25   
553  31   22   
554  38   6    
555  31   27   
556  47   26   
557  37   24   
558  20   42   
559  20   17   
560  18   43   
561  46   23   
562  17   45   
563  15   21   
564  27   23   
565  38   30   
566  45   15   
567  12   37   
568  14   8    
569  39   27   
570  8    6    
571  14   21   
572  11   30   
573  34   45   
574  13   27   
575  18   7    
576  21   41   
577  22   9    
578  18   22   
579  41   18   
580  19   43   
581  29   12   
582  40   11   
583  5    2    
584  28   28   
585  31   24   
586  39   9    
587  38   9    
588  22   31   
589  37   33   
590  11   17   
591  12   8    
592  18   11   
593  27   9    
594  45   4    
595  30   16   
596  30   27   
597  12   19   
598  11   35   
599  8    31   
600  26   7    
601  44   25   
602  16   10   
603  20   12   
604  22   1    
605  41   26   
606  34   44   
607  21   7    
608  44   22   
609  17   36   
610  18   46   
611  8    40   
612  34   3    
613  17   5    
614  13   36   
615  46   16   
616  15   16   
617  42   19   
618  27   2    
619  42   34   
620  15   3    
621  13   19   
622  24   18   
623  20   38   
624  8    39   
625  31   28   
626  16   1    
627  19   4    
628  24   40   
629  11   24   
630  33   7    
631  39   30   
632  18   45   
633  22   42   
634  16   32   
635  34   9    
636  25   35   
637  7    9    
638  35   32   
639  28   21   
640  43   19   
641  21   29   
642  10   12   
643  17   19   
644  36   8    
645  31   8    
646  15   14   
647  33   5    
648  29   34   
649  8    15   
650  29   29   
651  39   42   
652  42   6    
653  21   17   
654  42   12   
655  28   22   
656  18   40   
657  6    42   
658  22   5    
659  18   2    
660  33   6    
661  23   3    
662  17   47   
663  40   8    
664  36   19   
665  35   8    
666  9    20   
667  15   23   
668  44   17   
669  19   22   
670  23   7    
671  10   47   
672  31   48   
673  8    7    
674  21   2    
675  18   29   
676  6    41   
677  33   42   
678  32   8    
679  19   16   
680  37   45   
681  1    36   
682  41   36   
683  25   41   
684  43   9    
685  11   7    
686  41   10   
687  28   23   
688  36   16   
689  34   36   
690  26   26   
691  48   28   
692  30   12   
693  12   20   
694  34   6    
695  30   45   
696  39   20   
697  18   42   
698  27   43   
699  44   14   
700  36   24   
701  12   15   
702  2    15   
703  46   32   
704  20   36   
705  42   26   
706  3    9    
707  7    47   
708  46   44   
709  16   3    
710  15   46   
711  33   11   
712  11   46   
713  22   22   
714  36   45   
715  22   6    
716  32   40   
717  29   23   
718  34   34   
719  28   2    
720  11   16   
721  38   12   
722  37   35   
723  29   36   
724  29   14   
725  48   31   
726  35   22   
727  23   40   
728  44   11   
729  13   47   
730  32   20   
731  44   16   
732  14   4    
733  26   5    
734  15   47   
735  31   30   
736  16   17   
737  9    18   
738  14   23   
739  22   47   
740  12   7    
741  45   21   
742  25   32   
743  28   6    
744  5    27   
745  29   42   
746  47   21   
747  5    5    
748  47   4    
749  4    45   
750  40   27   
751  30   21   
752  31   40   
753  2    16   
754  44   28   
755  8    32   
756  24   32   
757  43   8    
758  25   19   
759  21   14   
760  31   23   
761  39   36   
762  20   10   
763  20   6    
764  44   10   
765  36   7    
766  48   40   
767  21   10   
768  31   36   
769  15   22   
770  11   19   
771  45   28   
772  37   43   
773  41   29   
774  27   24   
775  23   38   
776  3    30   
777  27   30   
778  22   14   
779  20   24   
780  17   31   
781  23   6    
782  2    4    
783  6    45   
784  35   46   
785  36   41   
786  16   24   
787  3    14   
788  30   25   
789  22   13   
790  43   13   
791  16   4    
792  13   39   
793  41   31   
794  41   12   
795  38   23   
796  0    34   
797  3    32   
798  7    17   
799  6    10   
800  36   34   
801  17   46   
802  32   12   
803  32   16   
804  39   44   
805  18   30   
806  31   38   
807  20   37   
808  21   42   
809  13   18   
810  7    36   
811  25   30   
812  31   46   
813  14   36   
814  25   16   
815  4    37   
816  29   22   
817  28   25   
818  42   2    
819  14   12   
820  10   11   
821  41   15   
822  19   45   
823  38   35   
824  30   20   
825  26   39   
826  39   37   
827  35   27   
828  42   17   
829  42   27   
830  49   35   
831  43   26   
832  35   45   
833  1    11   
834  31   31   
835  13   24   
836  3    41   
837  37   20   
838  45   31   
839  37   31   
840  19   47   
841  21   25   
842  31   42   
843  21   26   
844  16   9    
845  27   41   
846  46   30   
847  17   34   
848  8    29   
849  10   35   
850  49   45   
851  5    33   
852  45   26   
853  43   3    
854  3    33   
855  45   17   
856  31   35   
857  26   37   
858  34   28   
859  10   25   
860  27   37   
861  36   1    
862  36   35   
863  35   18   
864  31   17   
865  29   3    
866  36   28   
867  26   13   
868  36   15   
869  32   10   
870  35   48   
871  0    35   
872  4    23   
873  10   7    
874  45   12   
875  14   7    
876  33   26   
877  28   7    
878  40   15   
879  31   33   
880  41   42   
881  1    33   
882  10   22   
883  18   18   
884  15   34   
885  32   14   
886  19   28   
887  39   13   
888  7    5    
889  2    11   
890  30   6    
891  10   14   
892  11   41   
893  29   33   
894  28   16   
895  19   17   
896  42   8    
897  14   3    
898  22   35   
899  0    12   
900  15   39   
901  11   29   
902  39   11   
903  32   41   
904  32   43   
905  26   14   
906  16   13   
907  22   38   
908  8    19   
909  38   33   
910  24   12   
911  28   27   
912  8    36   
913  21   5    
914  3    15   
915  11   39   
916  19   9    
917  40   37   
918  33   14   
919  46   5    
920  14   31   
921  14   18   
922  12   17   
923  18   31   
924  7    38   
925  32   21   
926  15   2    
927  19   25   
928  32   13   
929  47   8    
930  47   38   
931  23   32   
932  7    29   
933  43   33   
934  11   11   
935  4    21   
936  22   34   
937  36   12   
938  11   14   
939  25   33   
940  3    46   
941  26   22   
942  10   2    
943  8    35   
944  37   15   
945  20   44   
946  20   39   
947  16   28   
948  3    19   
949  47   9    
950  40   43   
951  21   19   
952  36   42   
953  33   4    
954  18   44   
955  28   37   
956  18   14   
957  28   42   
958  36   27   
959  47   16   
960  40   9    
961  12   9    
962  43   16   
963  39   24   
964  47   19   
965  31   5    
966  40   28   
967  1    6    
968  30   37   
969  34   30   
970  37   12   
971  34   43   
972  21   11   
973  44   41   
974  26   48   
975  10   3    
976  9    24   
977  23   18   
978  6    2    
979  34   31   
980  40   45   
981  9    12   
982  7    6    
983  15   6    
984  30   35   
985  24   37   
986  43   35   
987  15   38   
988  39   29   
989  28   43   
990  44   7    
991  44   2    
992  13   7    
993  27   29   
994  21   6    
995  12   10   
996  8    26   
997  35   11   
998  23   12   
999  11   12   
1000 34   38   
1001 9    25   
1002 40   31   
1003 48   20   
1004 30   3    
1005 38   25   
1006 32   22   
1007 21   20   
1008 21   44   
1009 26   4    
1010 24   29   
1011 41   7    
1012 37   34   
1013 7    31   
1014 44   32   
1015 36   38   
1016 4    18   
1017 3    28   
1018 33   13   
1019 46   7    
1020 13   37   
1021 5    17   
1022 19   30   
1023 36   26   
1024 23   33   
1025 14   37   
1026 42   18   
1027 23   22   
1028 12   23   
1029 6    26   
1030 17   26   
1031 19   14   
1032 35   39   
1033 20   13   
1034 8    18   
1035 26   16   
1036 10   37   
1037 10   40   
1038 20   28   
1039 41   21   
1040 38   14   
1041 34   29   
1042 30   15   
1043 5    45   
1044 46   13   
1045 27   26   
1046 40   29   
1047 28   33   
1048 26   36   
1049 14   48   
1050 1    43   
1051 3    20   
1052 25   23   
1053 16   33   
1054 8    24   
1055 15   27   
1056 24   30   
1057 12   32   
1058 26   44   
1059 37   36   
1060 41   30   
1061 27   25   
1062 21   37   
1063 42   41   
1064 36   31   
1065 16   30   
1066 43   22   
1067 24   23   
1068 23   19   
1069 7    24   
1070 12   27   
1071 30   1    
1072 40   36   
1073 23   34   
1074 14   32   
1075 21   30   
1076 17   22   
1077 6    19   
1078 17   30   
1079 39   14   
1080 5    24   
1081 43   38   
1082 30   34   
1083 12   46   
1084 23   31   
1085 3    29   
1086 10   27   
1087 14   19   
1088 12   36   
1089 17   27   
1090 2    32   
1091 31   13   
1092 30   43   
1093 27   34   
1094 48   35   
1095 4    29   
1096 48   34   
1097 12   38   
1098 15   11   
1099 22   40   
1100 18   28   
1101 29   4    
1102 7    37   
1103 39   3    
1104 1    12   
1105 13   38   
1106 15   9    
1107 41   4    
1108 18   13   
1109 6    20   
1110 27   17   
1111 36   13   
1112 14   28   
1113 32   26   
1114 38   38   
1115 19   24   
1116 2    30   
1117 36   33   
1118 28   4    
1119 33   44   
1120 49   11   
1121 24   34   
1122 23   39   
1123 24   27   
1124 8    30   
1125 46   18   
1126 33   10   
1127 17   18   
1128 13   16   
1129 16   31   
1130 19   10   
1131 30   33   
1132 31   14   
1133 10   16   
1134 5    43   
1135 30   9    
1136 25   40   
1137 16   26   
1138 2    21   
1139 19   7    
1140 32   46   
1141 5    18   
1142 36   37   
1143 34   10   
1144 46   45   
1145 39   33   
1146 26   31   
1147 15   40   
1148 44   39   
1149 20   16   
1150 6    37   
1151 18   4    
1152 15   32   
1153 36   10   
1154 24   15   
1155 18   12   
1156 47   33   
1157 23   2    
1158 21   40   
1159 15   25   
1160 41   38   
1161 7    28   
1162 39   25   
1163 15   20   
1164 15   26   
1165 46   25   
1166 35   25   
1167 24   45   
1168 39   15   
1169 11   3    
1170 10   29   
1171 32   5    
1172 38   11   
1173 43   18   
1174 37   5    
1175 26   28   
1176 20   7    
1177 48   48   
1178 27   13   
1179 8    25   
1180 28   34   
1181 45   19   
1182 35   44   
1183 47   10   
1184 14   39   
1185 46   36   
1186 37   39   
1187 11   10   
1188 10   23   
1189 25   34   
1190 22   29   
1191 38   10   
1192 4    31   
1193 16   16   
1194 16   37   
1195 23   25   
1196 21   35   
1197 32   27   
1198 16   7    
1199 38   45   
1200 7    4    
1201 21   38   
1202 46   4    
1203 46   27   
1204 42   23   
1205 9    48   
1206 29   38   
1207 40   39   
1208 27   7    
1209 33   37   
1210 34   23   
1211 33   15   
1212 6    31   
1213 36   23   
1214 31   34   
1215 8    41   
1216 14   11   
1217 17   14   
1218 33   41   
1219 4    8    
1220 37   6    
1221 3    21   
1222 43   39   
1223 35   19   
1224 38   15   
1225 29   32   
1226 12   5    
1227 37   48   
1228 14   30   
1229 25   22   
1230 3    18   
1231 32   4    
1232 34   47   
1233 44   20   
1234 24   17   
1235 12   11   
1236 23   45   
1237 19   12   
1238 15   24   
1239 25   14   
1240 35   35   
1241 20   18   
1242 30   24   
1243 23   36   
1244 27   46   
1245 34   24   
1246 32   1    
1247 5    40   
1248 38   18   
1249 34   7    
1250 2    25   
1251 28   24   
1252 11   33   
1253 9    23   
1254 24   19   
1255 1    24   
1256 26   12   
1257 23   13   
1258 38   29   
1259 8    17   
1260 46   37   
1261 37   17   
1262 17   25   
1263 10   4    
1264 35   28   
1265 17   20   
1266 35   2    
1267 13   12   
1268 29   48   
1269 38   2    
1270 16   36   
1271 24   3    
1272 17   37   
1273 35   23   
1274 39   21   
1275 5    15   
1276 40   42   
1277 11   48   
1278 13   48   
1279 29   15   
1280 24   7    
1281 5    4    
1282 44   15   
1283 14   27   
1284 19   34   
1285 23   11   
1286 41   13   
1287 40   6    
1288 38   5    
1289 3    43   
1290 30   28   
1291 18   32   
1292 22   48   
1293 44   31   
1294 30   30   
1295 19   31   
1296 8    21   
1297 26   42   
1298 33   16   
1299 46   11   
1300 37   47   
1301 3    7    
1302 16   14   
1303 31   15   
1304 9    14   
1305 41   44   
1306 12   41   
1307 20   27   
1308 30   36   
1309 6    30   
1310 17   6    
1311 25   10   
1312 15   29   
1313 20   22   
1314 13   14   
1315 13   30   
1316 34   1    
1317 27   38   
1318 18   48   
1319 18   20   
1320 22   36   
1321 5    1    
1322 39   26   
1323 22   18   
1324 21   45   
1325 7    27   
1326 7    34   
1327 34   48   
1328 28   40   
1329 9    6    
1330 20   33   
1331 11   6    
1332 28   19   
1333 12   33   
1334 29   11   
1335 10   21   
1336 48   11   
1337 35   10   
1338 46   9    
1339 18   1    
1340 26   10   
1341 22   37   
1342 31   18   
1343 2    22   
1344 5    11   
1345 41   39   
1346 10   9    
1347 26   33   
1348 32   28   
1349 32   29   
1350 33   12   
1351 15   28   
1352 38   7    
1353 44   36   
1354 13   45   
1355 38   27   
1356 33   25   
1357 39   16   
1358 16   40   
1359 12   26   
1360 15   31   
1361 48   12   
1362 48   18   
1363 35   7    
1364 27   22   
1365 28   17   
1366 44   24   
1367 28   36   
1368 26   19   
1369 21   33   
1370 9    37   
1371 19   6    
1372 9    13   
1373 44   23   
1374 23   16   
1375 17   43   
1376 17   35   
1377 7    40   
1378 46   34   
1379 13   25   
1380 9    34   
1381 21   28   
1382 28   31   
1383 23   26   
1384 34   2    
1385 49   13   
1386 16   41   
1387 22   11   
1388 24   31   
1389 17   38   
1390 20   23   
1391 20   9    
1392 18   37   
1393 36   9    
1394 9    41   
1395 2    23   
1396 27   36   
1397 26   6    
1398 7    25   
1399 6    24   
1400 32   19   
1401 43   25   
1402 8    28   
1403 6    32   
1404 42   31   
1405 11   0    
1406 36   4    
1407 26   25   
1408 5    13   
1409 13   32   
1410 28   39   
1411 29   21   
1412 12   18   
1413 15   17   
1414 46   35   
1415 26   23   
1416 24   42   
1417 47   6    
1418 27   39   
1419 4    24   
1420 38   36   
1421 34   22   
1422 24   21   
1423 30   5    
1424 29   10   
1425 32   7    
1426 15   7    
1427 27   47   
1428 47   29   
1429 24   22   
1430 15   13   
1431 27   31   
1432 26   20   
1433 14   43   
1434 39   34   
1435 43   24   
1436 4    10   
1437 6    3    
1438 5    14   
1439 41   24   
1440 28   9    
1441 16   11   
1442 7    20   
1443 16   29   
1444 26   38   
1445 28   13   
1446 13   40   
1447 12   13   
1448 33   22   
1449 43   12   
1450 8    16   
1451 28   3    
1452 13   23   
1453 17   24   
1454 16   8    
1455 1    5    
1456 34   4    
1457 49   6    
1458 14   15   
1459 31   11   
1460 30   18   
1461 34   16   
1462 27   20   
1463 41   8    
1464 6    38   
1465 30   40   
1466 18   23   
1467 37   19   
1468 11   37   
1469 35   9    
1470 29   31   
1471 19   39   
1472 20   34   
1473 30   10   
1474 0    41   
1475 14   34   
1476 42   45   
1477 36   40   
1478 27   12   
1479 47   32   
1480 41   35   
1481 34   21   
1482 22   24   
1483 10   15   
1484 26   15   
1485 43   45   
1486 2    26   
1487 13   20   
1488 16   39   
1489 40   23   
1490 26   17   
1491 4    32   
1492 26   27   
1493 21   47   
1494 29   30   
1495 16   19   
1496 17   10   
1497 37   16   
1498 45   14   
1499 6    28   
1500 39   2    
1501 42   13   
1502 8    46   
1503 38   26   
1504 41   14   
1505 9    17   
1506 4    33   
1507 35   37   
1508 19   33   
1509 29   26   
1510 31   19   
1511 17   11   
1512 34   32   
1513 20   21   
1514 10   38   
1515 37   38   
1516 28   35   
1517 36   47   
1518 31   39   
1519 9    38   
1520 24   47   
1521 32   32   
1522 24   46   
1523 4    22   
1524 33   24   
1525 35   24   
1526 39   19   
1527 34   40   
1528 11   26   
1529 5    23   
1530 16   46   
1531 46   3    
1532 2    43   
1533 18   6    
1534 28   46   
1535 33   19   
1536 35   43   
1537 37   29   
1538 42   1    
1539 38   41   
1540 47   46   
1541 10   1    
1542 33   8    
1543 31   4    
1544 19   40   
1545 35   21   
1546 29   20   
1547 6    40   
1548 26   3    
1549 9    46   
1550 7    22   
1551 43   29   
1552 4    36   
1553 21   18   
1554 2    33   
1555 9    5    
1556 8    12   
1557 7    43   
1558 10   24   
1559 25   24   
1560 15   36   
1561 8    4    
1562 11   38   
1563 7    18   
1564 17   49   
1565 8    20   
1566 6    34   
1567 3    24   
1568 29   16   
1569 14   22   
1570 18   35   
1571 24   39   
1572 10   20   
1573 26   11   
1574 29   5    
1575 18   39   
1576 47   12   
1577 3    45   
1578 30   13   
1579 32   33   
1580 20   35   
1581 19   42   
1582 16   2    
1583 41   11   
1584 31   41   
1585 44   26   
1586 25   20   
1587 22   19   
1588 39   28   
1589 43   41   
1590 25   37   
1591 8    42   
1592 1    3    
1593 34   33   
1594 13   41   
1595 2    37   
1596 23   15   
1597 41   25   
1598 33   28   
1599 34   35   
1600 33   21   
1601 26   29   
1602 44   37   
1603 40   18   
1604 18   41   
1605 28   18   
1606 39   7    
1607 16   34   
1608 22   8    
1609 48   41   
1610 29   19   
1611 47   15   
1612 45   23   
1613 5    31   
1614 9    7    
1615 18   24   
1616 29   13   
1617 26   8    
1618 4    25   
1619 22   43   
1620 28   30   
1621 39   23   
1622 37   11   
1623 9    47   
1624 43   20   
1625 17   48   
1626 14   33   
1627 33   40   
1628 36   43   
1629 11   27   
1630 25   27   
1631 19   21   
1632 44   12   
1633 19   13   
1634 7    14   
1635 29   37   
1636 13   31   
1637 24   16   
1638 13   17   
1639 21   13   
1640 29   6    
1641 2    7    
1642 39   22   
1643 10   42   
1644 38   47   
1645 21   39   
1646 40   33   
1647 37   9    
1648 1    35   
1649 48   37   
1650 27   48   
1651 37   18   
1652 37   22   
1653 31   16   
1654 12   47   
1655 6    35   
1656 18   17   
1657 6    23   
1658 13   35   
1659 14   10   
1660 25   15   
1661 37   49   
1662 48   8    
1663 14   47   
1664 44   13   
1665 12   6    
1666 31   43   
1667 25   28   
1668 47   42   
1669 32   38   
1670 34   19   
1671 20   5    
1672 40   40   
1673 40   20   
1674 11   34   
1675 28   20   
1676 30   4    
1677 39   35   
1678 31   7    
1679 41   2    
1680 18   36   
1681 5    19   
1682 38   42   
1683 23   24   
1684 13   5    
1685 10   19   
1686 42   5    
1687 12   12   
1688 47   11   
1689 33   23   
1690 35   20   
1691 4    17   
1692 16   42   
1693 23   4    
1694 44   4    
1695 10   13   
1696 27   3    
1697 7    26   
1698 32   37   
1699 23   37   
1700 16   12   
1701 13   11   
1702 18   19   
1703 44   18   
1704 16   27   
1705 45   18   
1706 41   23   
1707 7    13   
1708 38   39   
1709 38   34   
1710 18   25   
1711 40   30   
1712 11   36   
1713 32   36   
1714 1    39   
1715 36   29   
1716 13   46   
1717 16   43   
1718 25   8    
1719 3    48   
1720 11   4    
1721 36   20   
1722 13   10   
1723 36   6    
1724 45   35   
1725 20   31   
1726 9    33   
1727 48   29   
1728 18   26   
1729 44   9    
1730 2    35   
1731 37   27   
1732 23   46   
1733 2    24   
1734 12   45   
1735 28   11   
1736 19   49   
1737 3    31   
1738 46   17   
1739 9    26   
1740 36   32   
1741 40   26   
1742 23   27   
1743 6    11   
1744 33   2    
1745 43   21   
1746 6    14   
1747 1    37   
1748 37   13   
1749 11   13   
1750 16   21   
1751 47   2    
1752 26   2    
1753 1    19   
1754 12   28   
1755 32   39   
1756 30   17   
1757 38   24   
1758 45   34   
1759 35   5    
1760 9    32   
1761 9    36   
1762 19   32   
1763 24   5    
1764 20   29   
1765 28   14   
1766 46   21   
1767 22   20   
1768 2    29   
1769 9    11   
1770 43   31   
1771 27   18   
1772 17   23   
1773 13   13   
1774 22   27   
1775 32   6    
1776 43   34   
1777 27   1    
1778 26   35   
1779 39   5    
1780 22   10   
1781 29   27   
1782 11   8    
1783 14   20   
1784 27   19   
1785 1    48   
1786 28   47   
1787 17   17   
1788 22   46   
1789 37   10   
1790 18   21   
1791 18   5    
1792 15   42   
1793 28   8    
1794 35   17   
1795 10   18   
1796 28   26   
1797 3    36   
1798 24   28   
1799 4    28   
1800 1    31   
1801 39   12   
1802 41   27   
1803 9    29   
1804 5    21   
1805 3    10   
1806 2    9    
1807 32   23   
1808 34   14   
1809 24   48   
1810 28   5    
1811 33   43   
1812 22   12   
1813 23   23   
1814 37   7    
1815 40   19   
1816 33   38   
1817 43   17   
1818 11   2    
1819 10   26   
1820 25   11   
1821 36   36   
1822 20   32   
1823 16   25   
1824 10   34   
1825 17   44   
1826 26   30   
1827 13   15   
1828 35   33   
1829 27   28   
1830 31   3    
1831 30   49   
1832 26   34   
1833 16   45   
1834 4    39   
1835 44   45   
1836 20   19   
1837 23   43   
1838 17   13   
1839 11   28   
1840 9    35   
1841 32   34   
1842 22   21   
1843 20   41   
1844 27   15   
1845 36   25   
1846 5    25   
1847 3    27   
1848 19   35   
1849 5    6    
1850 3    23   
1851 34   15   
1852 34   20   
1853 17   12   
1854 14   40   
1855 2    36   
1856 14   16   
1857 32   3    
1858 2    27   
1859 16   15   
1860 11   42   
1861 25   4    
1862 41   33   
1863 33   17   
1864 9    44   
1865 29   7    
1866 33   34   
1867 2    12   
1868 25   7    
1869 34   46   
1870 18   15   
1871 7    10   
1872 19   20   
1873 14   2    
1874 7    12   
1875 37   30   
1876 32   25   
1877 40   41   
1878 30   23   
1879 27   4    
1880 7    39   
1881 38   8    
1882 12   4    
1883 26   32   
1884 39   38   
1885 30   29   
1886 19   27   
1887 28   45   
1888 37   23   
1889 16   20   
1890 7    19   
1891 20   14   
1892 33   30   
1893 27   6    
1894 23   44   
1895 29   43   
1896 10   30   
1897 34   42   
1898 11   43   
1899 48   24   
1900 5    32   
1901 6    39   
1902 38   0    
1903 21   32   
1904 1    22   
1905 41   22   
1906 14   14   
1907 39   17   
1908 30   44   
1909 38   17   
1910 45   11   
1911 5    36   
1912 12   22   
1913 32   30   
1914 14   9    
1915 20   8    
1916 8    34   
1917 21   16   
1918 35   3    
1919 17   21   
1920 18   3    
1921 10   5    
1922 40   7    
1923 17   29   
1924 27   21   
1925 24   11   
1926 8    13   
1927 20   11   
1928 24   26   
1929 16   44   
1930 25   1    
1931 38   21   
1932 3    34   
1933 18   34   
1934 27   10   
1935 25   45   
1936 40   16   
1937 12   42   
1938 24   24   
1939 23   17   
1940 9    30   
1941 25   17   
1942 9    16   
1943 15   44   
1944 25   0    
1945 6    15   
1946 6    22   
1947 17   40   
1948 35   1    
1949 20   15   
1950 29   25   
1951 45   25   
1952 3    22   
1953 19   15   
1954 37   25   
1955 17   32   
1956 27   27   
1957 36   18   
1958 21   8    
1959 28   41   
1960 40   17   
1961 15   15   
1962 46   28   
1963 42   36   
1964 21   21   
1965 6    25   
1966 33   31   
1967 7    48   
1968 33   48   
1969 34   11   
1970 22   15   
1971 24   41   
1972 42   29   
1973 15   43   
1974 24   13   
1975 30   14   
1976 31   44   
1977 48   25   
1978 48   32   
1979 25   31   
1980 25   43   
1981 43   23   
1982 25   36   
1983 33   33   
1984 42   3    
1985 7    35   
1986 38   19   
1987 15   41   
1988 40   14   
1989 26   40   
1990 22   3    
1991 9    21   
1992 47   35   
1993 34   27   
1994 37   21   
1995 47   41   
