0    29   18   
1    29   26   
2    29   10   
3    4    0    
4    17   29   
5    0    2    
6    0    26   
7    23   0    
8    3    29   
9    26   0    
10   29   21   
11   29   6    
12   24   0    
13   0    17   
14   0    4    
15   17   0    
16   0    3    
17   2    29   
18   3    0    
19   27   29   
20   9    0    
21   10   29   
22   29   13   
23   0    14   
24   0    21   
25   16   29   
26   0    27   
27   25   29   
28   29   3    
29   0    18   
30   11   0    
31   25   0    
32   20   29   
33   29   27   
34   29   5    
35   14   0    
36   23   29   
37   22   0    
38   14   29   
39   0    20   
40   29   4    
41   8    29   
42   20   0    
43   7    0    
44   29   22   
45   29   7    
46   29   15   
47   21   29   
48   29   24   
49   1    29   
50   7    29   
51   29   28   
52   29   1    
53   0    12   
54   16   0    
55   15   0    
56   29   11   
57   0    25   
58   5    0    
59   0    23   
60   29   8    
61   21   0    
62   19   29   
63   4    29   
64   0    28   
65   0    8    
66   1    0    
67   29   20   
68   12   0    
69   2    0    
70   8    0    
71   29   23   
72   0    11   
73   0    1    
74   29   19   
75   0    15   
76   27   0    
77   13   29   
78   28   29   
79   29   16   
80   29   2    
81   0    16   
82   0    5    
83   15   29   
84   10   0    
85   29   9    
86   12   29   
87   19   0    
88   0    22   
89   8    24   
90   19   6    
91   18   13   
92   16   6    
93   22   11   
94   18   28   
95   7    19   
96   24   9    
97   18   11   
98   20   4    
99   11   5    
100  25   18   
101  24   1    
102  25   21   
103  12   14   
104  19   1    
105  18   17   
106  27   1    
107  0    7    
108  14   5    
109  17   28   
110  22   13   
111  12   20   
112  17   12   
113  13   15   
114  6    22   
115  16   8    
116  17   4    
117  15   9    
118  17   26   
119  1    11   
120  26   14   
121  19   26   
122  2    4    
123  20   17   
124  13   24   
125  1    24   
126  27   10   
127  14   16   
128  18   16   
129  4    9    
130  3    8    
131  2    13   
132  28   6    
133  26   21   
134  19   24   
135  19   5    
136  24   15   
137  3    10   
138  26   19   
139  15   26   
140  21   8    
141  1    18   
142  5    7    
143  26   11   
144  27   13   
145  14   10   
146  16   25   
147  6    14   
148  23   14   
149  12   26   
150  5    16   
151  6    11   
152  18   24   
153  18   4    
154  27   14   
155  7    18   
156  3    14   
157  19   25   
158  3    19   
159  20   13   
160  20   25   
161  16   26   
162  24   5    
163  17   2    
164  21   15   
165  9    25   
166  19   3    
167  13   7    
168  6    0    
169  9    24   
170  15   28   
171  24   25   
172  18   12   
173  4    7    
174  9    18   
175  19   12   
176  19   11   
177  13   13   
178  7    3    
179  14   18   
180  23   13   
181  11   21   
182  20   8    
183  1    23   
184  16   28   
185  19   2    
186  27   15   
187  8    11   
188  13   21   
189  20   6    
190  20   22   
191  21   6    
192  25   14   
193  12   19   
194  13   12   
195  22   20   
196  27   9    
197  11   13   
198  16   1    
199  26   10   
200  9    12   
201  17   22   
202  19   17   
203  18   20   
204  15   16   
205  25   19   
206  9    20   
207  14   19   
208  12   17   
209  24   14   
210  20   24   
211  2    22   
212  11   18   
213  17   5    
214  23   28   
215  26   20   
216  20   20   
217  9    4    
218  16   23   
219  6    8    
220  24   7    
221  9    21   
222  22   23   
223  13   8    
224  15   2    
225  14   26   
226  20   28   
227  23   12   
228  24   21   
229  8    5    
230  16   9    
231  28   8    
232  24   13   
233  15   23   
234  27   5    
235  25   5    
236  21   7    
237  4    8    
238  6    20   
239  23   17   
240  12   15   
241  4    17   
242  10   8    
243  17   15   
244  8    12   
245  27   17   
246  4    11   
247  20   12   
248  13   25   
249  6    12   
250  14   11   
251  20   11   
252  11   29   
253  11   6    
254  10   19   
255  8    13   
256  19   19   
257  17   6    
258  8    15   
259  9    3    
260  11   17   
261  25   11   
262  26   12   
263  28   15   
264  10   5    
265  2    15   
266  15   6    
267  12   23   
268  7    21   
269  7    9    
270  29   17   
271  22   4    
272  9    23   
273  4    5    
274  17   7    
275  10   13   
276  12   7    
277  6    6    
278  3    23   
279  26   6    
280  7    6    
281  4    15   
282  3    12   
283  23   16   
284  10   25   
285  23   8    
286  18   26   
287  19   14   
288  24   20   
289  21   2    
290  16   10   
291  27   21   
292  21   13   
293  4    18   
294  8    8    
295  20   3    
296  10   21   
297  22   12   
298  16   17   
299  11   15   
300  12   22   
301  17   13   
302  11   26   
303  5    27   
304  18   6    
305  27   12   
306  8    1    
307  13   1    
308  11   23   
309  5    5    
310  13   19   
311  7    13   
312  24   16   
313  13   18   
314  14   15   
315  22   9    
316  14   13   
317  21   24   
318  20   21   
319  3    18   
320  19   21   
321  28   20   
322  21   18   
323  22   3    
324  20   15   
325  6    3    
326  14   20   
327  26   1    
328  9    6    
329  4    21   
330  22   26   
331  19   20   
332  24   17   
333  23   1    
334  10   9    
335  21   12   
336  15   11   
337  5    19   
338  7    16   
339  15   10   
340  18   7    
341  23   18   
342  13   16   
343  21   23   
344  2    11   
345  12   9    
346  18   5    
347  20   18   
348  10   7    
349  10   11   
350  16   27   
351  16   4    
352  14   1    
353  2    17   
354  24   8    
355  18   22   
356  16   21   
357  10   24   
358  17   14   
359  19   4    
360  19   18   
361  25   7    
362  9    8    
363  17   11   
364  25   15   
365  24   24   
366  6    24   
367  17   20   
368  21   21   
369  1    21   
370  7    20   
371  1    19   
372  17   21   
373  3    15   
374  12   28   
375  1    8    
376  28   14   
377  5    9    
378  24   10   
379  15   18   
380  25   10   
381  12   8    
382  7    24   
383  15   5    
384  9    14   
385  12   16   
386  12   5    
387  3    17   
388  8    17   
389  16   22   
390  5    11   
391  23   7    
392  7    23   
393  14   25   
394  1    16   
395  22   10   
396  23   20   
397  13   10   
398  5    17   
399  4    3    
400  6    21   
401  3    11   
402  17   25   
403  11   7    
404  9    19   
405  19   13   
406  25   12   
407  25   6    
408  10   16   
409  27   25   
410  15   14   
411  10   23   
412  1    20   
413  16   20   
414  25   17   
415  9    27   
416  11   22   
417  21   20   
418  21   16   
419  10   26   
420  7    17   
421  22   21   
422  24   19   
423  20   23   
424  8    22   
425  9    7    
426  22   24   
427  6    25   
428  17   3    
429  14   27   
430  10   6    
431  22   7    
432  22   2    
433  17   17   
434  18   2    
435  6    26   
436  10   10   
437  20   9    
438  26   15   
439  12   12   
440  21   4    
441  17   9    
442  28   13   
443  0    13   
444  15   8    
445  15   20   
446  12   13   
447  10   3    
448  21   11   
449  21   22   
450  22   15   
451  13   11   
452  6    18   
453  23   15   
454  10   20   
455  22   18   
456  1    13   
457  17   10   
458  9    15   
459  24   6    
460  19   7    
461  20   7    
462  22   25   
463  27   6    
464  8    10   
465  25   24   
466  21   19   
467  7    11   
468  9    22   
469  8    16   
470  22   17   
471  15   27   
472  4    14   
473  9    17   
474  6    17   
475  14   17   
476  8    25   
477  9    5    
478  1    4    
479  24   18   
480  25   13   
481  20   10   
482  16   7    
483  15   22   
484  7    26   
485  14   22   
486  12   10   
487  10   27   
488  13   6    
489  14   4    
490  21   5    
491  8    18   
492  12   18   
493  16   24   
494  16   2    
495  11   1    
496  14   2    
497  27   20   
498  26   23   
499  4    25   
500  12   2    
501  22   22   
502  8    2    
503  23   21   
504  19   23   
505  20   5    
506  5    14   
507  18   9    
508  12   6    
509  24   23   
510  14   9    
511  6    9    
512  6    7    
513  13   20   
514  12   4    
515  2    5    
516  26   13   
517  11   16   
518  5    4    
519  19   16   
520  14   24   
521  1    12   
522  11   14   
523  15   4    
524  10   15   
525  12   21   
526  16   19   
527  13   23   
528  23   27   
529  10   18   
530  0    9    
531  16   13   
532  10   17   
533  19   8    
534  13   22   
535  7    12   
536  19   15   
537  3    9    
538  21   3    
539  29   12   
540  6    5    
541  2    23   
542  7    4    
543  23   6    
544  19   9    
545  13   17   
546  19   22   
547  2    18   
548  8    9    
549  10   22   
550  14   3    
551  26   8    
552  18   3    
553  15   12   
554  5    23   
555  14   12   
556  25   20   
557  9    13   
558  9    16   
559  29   14   
560  10   4    
561  5    13   
562  18   21   
563  18   8    
564  9    11   
565  12   3    
566  10   12   
567  18   18   
568  6    10   
569  11   3    
570  17   24   
571  4    13   
572  2    9    
573  7    10   
574  11   11   
575  28   19   
576  11   19   
577  21   9    
578  5    8    
579  27   11   
580  13   5    
581  22   14   
582  18   10   
583  11   24   
584  18   14   
585  16   11   
586  16   15   
587  13   4    
588  2    12   
589  21   10   
590  4    10   
591  27   8    
592  8    20   
593  8    21   
594  15   15   
595  24   11   
596  6    15   
597  13   26   
598  17   16   
599  11   28   
600  11   25   
601  7    15   
602  24   12   
603  6    16   
604  24   26   
605  11   10   
606  6    23   
607  14   21   
608  25   16   
609  22   8    
610  22   27   
611  15   7    
612  7    7    
613  28   16   
614  13   14   
615  16   16   
616  10   14   
617  7    22   
618  26   9    
619  5    18   
620  5    22   
621  14   23   
622  5    10   
623  18   23   
624  20   16   
625  9    10   
626  4    19   
627  11   12   
628  16   18   
629  5    6    
630  15   25   
631  15   24   
632  23   22   
633  7    14   
634  15   19   
635  14   14   
636  20   1    
637  26   16   
638  26   22   
639  8    6    
640  26   25   
641  22   5    
642  17   19   
643  11   4    
644  17   18   
645  1    10   
646  5    12   
647  23   10   
648  20   2    
649  15   13   
650  21   1    
651  18   25   
652  22   19   
653  23   24   
654  16   3    
655  2    20   
656  17   8    
657  11   9    
658  8    7    
659  16   5    
660  0    10   
661  3    16   
662  20   19   
663  21   17   
664  24   22   
665  20   14   
666  21   25   
667  9    2    
668  13   9    
669  25   22   
670  23   26   
671  14   6    
672  28   7    
673  2    10   
674  13   2    
675  21   14   
676  12   11   
677  6    19   
678  15   17   
679  18   19   
680  7    2    
681  25   9    
682  6    13   
683  10   2    
684  15   3    
685  9    9    
686  16   14   
687  12   24   
688  14   7    
689  22   6    
690  23   19   
691  3    7    
692  23   4    
693  23   5    
694  15   1    
695  13   27   
696  26   7    
697  11   8    
698  17   1    
699  28   12   
700  4    16   
701  5    15   
702  11   20   
703  12   25   
704  18   15   
705  17   27   
706  8    3    
707  7    8    
708  15   21   
709  19   10   
710  16   12   
711  22   16   
712  23   9    
713  14   8    
714  23   11   
715  8    14   
