0    29   17   
1    29   1    
2    0    13   
3    11   0    
4    29   23   
5    10   0    
6    0    23   
7    29   10   
8    29   5    
9    5    0    
10   0    18   
11   6    29   
12   29   7    
13   29   4    
14   25   29   
15   11   29   
16   16   29   
17   21   0    
18   6    0    
19   0    19   
20   17   0    
21   15   0    
22   9    29   
23   0    4    
24   24   0    
25   23   29   
26   25   0    
27   23   0    
28   0    11   
29   29   28   
30   12   29   
31   0    16   
32   29   12   
33   29   9    
34   29   21   
35   3    29   
36   0    15   
37   26   0    
38   29   8    
39   4    29   
40   0    9    
41   0    6    
42   20   0    
43   29   13   
44   15   29   
45   24   29   
46   0    21   
47   29   22   
48   18   29   
49   29   2    
50   22   0    
51   20   29   
52   8    0    
53   19   0    
54   19   29   
55   29   16   
56   12   0    
57   7    0    
58   14   29   
59   8    29   
60   0    10   
61   26   29   
62   29   26   
63   0    26   
64   10   29   
65   0    3    
66   29   27   
67   0    24   
68   17   29   
69   29   3    
70   29   20   
71   0    1    
72   1    29   
73   0    12   
74   0    25   
75   27   29   
76   28   0    
77   29   15   
78   2    0    
79   0    14   
80   0    27   
81   3    0    
82   29   11   
83   13   29   
84   14   0    
85   0    20   
86   2    29   
87   7    29   
88   29   18   
89   29   6    
90   1    0    
91   0    22   
92   28   29   
93   22   29   
94   4    0    
95   0    7    
96   13   0    
97   27   0    
98   21   29   
99   0    28   
100  26   10   
101  23   4    
102  9    23   
103  23   20   
104  11   17   
105  2    18   
106  7    9    
107  13   21   
108  16   27   
109  5    15   
110  16   23   
111  13   24   
112  14   7    
113  13   3    
114  7    11   
115  12   5    
116  8    16   
117  25   21   
118  26   16   
119  6    12   
120  12   18   
121  4    5    
122  22   10   
123  14   5    
124  11   26   
125  17   7    
126  21   25   
127  7    13   
128  6    15   
129  18   9    
130  16   10   
131  7    24   
132  3    12   
133  11   2    
134  17   6    
135  20   18   
136  16   7    
137  15   28   
138  15   18   
139  19   4    
140  16   17   
141  23   7    
142  15   13   
143  17   22   
144  26   19   
145  5    12   
146  15   1    
147  8    8    
148  28   17   
149  18   13   
150  17   21   
151  19   12   
152  22   21   
153  8    26   
154  10   13   
155  17   2    
156  21   20   
157  2    4    
158  4    16   
159  17   24   
160  21   7    
161  20   7    
162  14   23   
163  10   24   
164  5    19   
165  12   6    
166  21   19   
167  22   24   
168  26   13   
169  22   28   
170  13   5    
171  5    8    
172  21   22   
173  6    18   
174  15   23   
175  10   18   
176  20   21   
177  21   12   
178  9    12   
179  18   25   
180  14   27   
181  7    25   
182  25   10   
183  20   14   
184  11   27   
185  5    13   
186  6    6    
187  28   13   
188  24   5    
189  23   3    
190  5    25   
191  4    9    
192  5    23   
193  20   23   
194  11   5    
195  19   26   
196  23   2    
197  20   15   
198  18   8    
199  6    22   
200  11   9    
201  9    6    
202  7    16   
203  7    7    
204  11   23   
205  23   24   
206  14   26   
207  7    15   
208  28   27   
209  7    20   
210  9    10   
211  26   17   
212  3    8    
213  13   12   
214  28   21   
215  23   21   
216  27   25   
217  16   2    
218  16   21   
219  2    24   
220  9    1    
221  14   14   
222  20   9    
223  25   12   
224  5    6    
225  18   21   
226  17   14   
227  24   23   
228  8    19   
229  18   12   
230  19   13   
231  21   14   
232  27   13   
233  14   24   
234  9    5    
235  25   7    
236  26   25   
237  26   23   
238  28   11   
239  9    26   
240  26   8    
241  9    27   
242  9    16   
243  27   18   
244  15   27   
245  2    19   
246  25   4    
247  15   20   
248  13   9    
249  13   23   
250  9    13   
251  14   13   
252  6    8    
253  23   26   
254  12   25   
255  5    26   
256  10   19   
257  6    26   
258  2    13   
259  5    28   
260  7    10   
261  26   14   
262  1    12   
263  8    12   
264  8    14   
265  20   8    
266  20   1    
267  28   15   
268  11   18   
269  3    3    
270  11   24   
271  28   7    
272  9    24   
273  12   7    
274  14   6    
275  12   1    
276  12   2    
277  25   16   
278  15   5    
279  4    10   
280  22   19   
281  18   27   
282  14   1    
283  10   4    
284  13   6    
285  14   2    
286  26   9    
287  6    14   
288  20   19   
289  13   14   
290  22   1    
291  16   18   
292  20   25   
293  11   7    
294  11   4    
295  18   3    
296  15   3    
297  1    10   
298  10   12   
299  23   14   
300  17   12   
301  8    1    
302  24   8    
303  25   15   
304  3    24   
305  17   5    
306  17   18   
307  21   5    
308  7    26   
309  8    23   
310  16   15   
311  14   4    
312  13   20   
313  6    9    
314  13   27   
315  24   28   
316  20   27   
317  3    15   
318  9    21   
319  14   9    
320  4    25   
321  15   7    
322  4    3    
323  24   11   
324  26   11   
325  13   22   
326  18   18   
327  6    16   
328  12   14   
329  22   20   
330  10   7    
331  6    11   
332  10   27   
333  7    5    
334  14   17   
335  20   22   
336  20   2    
337  4    11   
338  22   11   
339  24   3    
340  24   17   
341  17   4    
342  15   6    
343  29   19   
344  25   22   
345  8    9    
346  4    22   
347  10   11   
348  10   9    
349  4    18   
350  5    11   
351  15   8    
352  7    12   
353  19   15   
354  25   8    
355  9    3    
356  28   23   
357  14   8    
358  10   3    
359  19   10   
360  7    14   
361  17   13   
362  21   24   
363  19   25   
364  12   10   
365  12   9    
366  17   11   
367  19   9    
368  24   13   
369  3    16   
370  2    10   
371  8    15   
372  16   14   
373  27   3    
374  18   19   
375  24   9    
376  7    4    
377  25   19   
378  10   25   
379  7    23   
380  8    18   
381  10   20   
382  24   15   
383  9    25   
384  23   6    
385  4    19   
386  25   23   
387  17   16   
388  16   26   
389  27   8    
390  11   10   
391  11   11   
392  14   16   
393  19   1    
394  15   21   
395  22   6    
396  1    17   
397  26   6    
398  20   10   
399  24   24   
400  19   2    
401  3    7    
402  26   27   
403  2    23   
404  17   1    
405  13   2    
406  20   13   
407  15   12   
408  11   6    
409  13   16   
410  2    6    
411  19   7    
412  16   19   
413  15   15   
414  18   20   
415  1    13   
416  18   2    
417  10   10   
418  19   21   
419  11   19   
420  4    15   
421  23   16   
422  12   26   
423  19   18   
424  22   26   
425  9    4    
426  7    6    
427  22   4    
428  6    1    
429  3    4    
430  21   13   
431  6    19   
432  17   9    
433  22   23   
434  4    24   
435  11   1    
436  24   12   
437  12   17   
438  26   7    
439  4    2    
440  16   6    
441  23   17   
442  20   5    
443  22   15   
444  15   10   
445  11   20   
446  17   8    
447  21   10   
448  12   16   
449  8    10   
450  6    10   
451  27   7    
452  25   1    
453  26   15   
454  1    6    
455  2    15   
456  21   11   
457  12   23   
458  10   15   
459  16   3    
460  23   15   
461  6    7    
462  8    24   
463  19   20   
464  1    16   
465  5    9    
466  7    8    
467  13   17   
468  27   12   
469  12   20   
470  21   3    
471  22   12   
472  7    17   
473  17   26   
474  25   13   
475  11   15   
476  22   17   
477  8    21   
478  13   25   
479  9    17   
480  22   13   
481  12   11   
482  15   16   
483  23   9    
484  8    4    
485  9    22   
486  20   6    
487  28   20   
488  14   3    
489  21   27   
490  16   28   
491  13   10   
492  6    5    
493  10   2    
494  2    8    
495  24   2    
496  16   20   
497  10   23   
498  12   24   
499  21   8    
500  24   25   
501  2    27   
502  6    17   
503  10   5    
504  10   17   
505  12   21   
506  28   14   
507  21   23   
508  29   14   
509  18   28   
510  8    13   
511  19   16   
512  7    21   
513  28   8    
514  27   22   
515  27   15   
516  12   15   
517  8    17   
518  13   11   
519  28   10   
520  2    22   
521  19   11   
522  2    17   
523  25   9    
524  23   25   
525  16   12   
526  23   5    
527  1    27   
528  16   9    
529  22   3    
530  15   24   
531  10   22   
532  14   15   
533  15   9    
534  18   7    
535  4    13   
536  26   26   
537  22   16   
538  24   19   
539  18   26   
540  16   22   
541  18   6    
542  12   19   
543  24   14   
544  14   21   
545  3    13   
546  1    9    
547  15   17   
548  11   21   
549  4    21   
550  13   7    
551  8    20   
552  11   22   
553  19   24   
554  12   27   
555  13   19   
556  25   5    
557  18   17   
558  13   4    
559  5    16   
560  6    23   
561  3    17   
562  3    22   
563  6    4    
564  9    18   
565  8    22   
566  14   28   
567  1    4    
568  10   21   
569  27   20   
570  2    21   
571  27   16   
572  11   14   
573  11   25   
574  23   19   
575  26   5    
576  27   23   
577  21   4    
578  22   5    
579  21   21   
580  5    20   
581  2    9    
582  8    3    
583  24   21   
584  28   24   
585  5    10   
586  17   28   
587  16   11   
588  2    11   
589  27   10   
590  14   18   
591  20   24   
592  26   18   
593  12   13   
594  15   2    
595  9    19   
596  16   0    
597  3    11   
598  16   13   
599  11   12   
600  21   16   
601  13   28   
602  9    28   
603  10   1    
604  19   3    
605  16   8    
606  6    24   
607  5    14   
608  14   12   
609  2    7    
610  15   25   
611  8    6    
612  17   25   
613  5    3    
614  8    11   
615  12   4    
616  20   20   
617  3    9    
618  24   10   
619  7    19   
620  20   11   
621  8    7    
622  22   14   
623  22   9    
624  25   6    
625  4    6    
626  26   22   
627  17   23   
628  13   15   
629  27   17   
630  7    18   
631  23   11   
632  20   28   
633  9    7    
634  14   25   
635  3    19   
636  10   14   
637  14   22   
638  3    18   
639  0    17   
640  23   10   
641  27   14   
642  2    3    
643  13   18   
644  3    20   
645  5    24   
646  8    2    
647  18   22   
648  12   8    
649  13   1    
650  16   24   
651  24   22   
652  19   6    
653  7    22   
654  9    20   
655  22   7    
656  4    8    
657  24   18   
658  21   15   
659  25   18   
660  5    4    
661  19   17   
662  4    23   
663  28   9    
664  27   9    
665  10   6    
666  17   20   
667  14   11   
668  24   6    
669  6    25   
670  11   8    
671  16   5    
672  21   2    
673  15   22   
674  23   8    
675  23   28   
676  12   28   
677  28   19   
678  16   25   
679  27   6    
680  3    6    
681  22   8    
682  18   23   
683  25   24   
684  22   25   
685  17   27   
686  17   3    
687  9    14   
688  18   11   
689  0    8    
690  14   20   
691  17   17   
692  20   4    
693  18   4    
694  7    3    
695  22   27   
696  20   17   
697  20   12   
698  27   4    
699  26   20   
700  23   23   
701  5    18   
702  18   16   
703  15   14   
704  6    13   
705  3    14   
706  23   18   
707  28   22   
708  9    11   
709  21   6    
710  8    27   
711  11   28   
712  28   4    
713  2    12   
714  8    5    
715  6    20   
716  3    10   
717  24   7    
718  26   12   
719  3    21   
720  21   1    
721  5    17   
722  6    3    
723  9    15   
724  19   19   
725  11   16   
726  12   22   
727  18   15   
728  26   21   
729  18   5    
730  2    14   
731  24   20   
732  17   19   
733  19   23   
734  5    2    
735  23   12   
736  1    18   
737  8    28   
738  23   13   
739  22   22   
740  24   27   
741  4    12   
742  17   15   
743  25   17   
744  12   3    
745  20   3    
746  19   28   
747  20   26   
748  3    27   
749  12   12   
750  14   19   
751  18   10   
752  16   16   
753  23   22   
754  25   11   
755  4    17   
756  1    14   
757  24   16   
758  2    5    
759  25   14   
760  22   2    
761  27   11   
762  21   9    
763  16   1    
764  5    22   
765  13   26   
766  13   8    
767  10   28   
768  9    9    
769  10   8    
770  6    21   
771  20   16   
772  3    5    
773  10   16   
774  15   11   
775  19   5    
776  21   28   
777  21   17   
778  9    8    
779  4    14   
780  13   13   
781  15   19   
782  11   13   
783  27   21   
784  19   22   
785  19   14   
786  18   14   
787  25   20   
788  9    2    
789  22   18   
790  4    7    
791  10   26   
792  1    20   
793  28   16   
794  21   18   
795  11   3    
796  14   10   
797  19   8    
798  1    11   
799  28   18   
800  5    7    
801  2    20   
802  15   4    
803  27   19   
804  17   10   
