0    19   7    
1    7    19   
2    19   16   
3    19   18   
4    19   1    
5    0    8    
6    19   14   
7    9    19   
8    19   2    
9    15   0    
10   0    11   
11   14   19   
12   2    0    
13   0    5    
14   12   0    
15   19   15   
16   8    0    
17   11   0    
18   16   0    
19   19   17   
20   19   10   
21   0    1    
22   0    7    
23   0    12   
24   13   0    
25   6    19   
26   3    0    
27   1    0    
28   18   0    
29   12   19   
30   8    19   
31   4    0    
32   0    15   
33   11   19   
34   0    6    
35   19   6    
36   3    19   
37   10   19   
38   19   13   
39   0    9    
40   18   19   
41   13   19   
42   4    19   
43   5    0    
44   0    17   
45   2    19   
46   10   0    
47   19   11   
48   0    10   
49   17   19   
50   17   0    
51   0    4    
52   7    0    
53   0    13   
54   19   3    
55   1    19   
56   9    0    
57   8    15   
58   12   9    
59   11   14   
60   11   11   
61   3    7    
62   2    14   
63   2    6    
64   12   16   
65   2    17   
66   8    6    
67   15   4    
68   14   5    
69   11   17   
70   8    10   
71   4    5    
72   8    17   
73   15   13   
74   10   7    
75   2    9    
76   12   4    
77   16   14   
78   18   12   
79   15   14   
80   16   13   
81   15   3    
82   18   7    
83   3    6    
84   7    4    
85   6    7    
86   8    12   
87   13   7    
88   3    12   
89   4    12   
90   16   9    
91   7    18   
92   4    9    
93   11   13   
94   6    4    
95   5    15   
96   12   7    
97   16   12   
98   7    8    
99   9    3    
100  16   8    
101  7    17   
102  4    6    
103  9    4    
104  12   14   
105  1    13   
106  4    2    
107  13   6    
108  9    7    
109  7    10   
110  5    16   
111  11   6    
112  16   15   
113  9    8    
114  12   5    
115  10   4    
116  5    7    
117  9    9    
118  6    12   
119  4    13   
120  3    3    
121  6    6    
122  4    1    
123  12   15   
124  6    1    
125  6    17   
126  12   8    
127  3    10   
128  5    10   
129  12   18   
130  10   8    
131  4    11   
132  8    8    
133  9    5    
134  14   4    
135  3    13   
136  7    14   
137  14   10   
138  4    7    
139  17   16   
140  1    8    
141  4    14   
142  13   13   
143  17   4    
144  13   16   
145  6    8    
146  7    16   
147  5    2    
148  6    9    
149  10   14   
150  10   16   
151  3    9    
152  15   15   
153  9    16   
154  17   9    
155  3    11   
156  8    13   
157  12   2    
158  15   16   
159  7    12   
160  10   18   
161  8    4    
162  7    7    
163  19   12   
164  13   8    
165  10   9    
166  14   14   
167  4    10   
168  15   6    
169  7    13   
170  5    8    
171  2    13   
172  14   16   
173  11   16   
174  13   18   
175  15   9    
176  8    5    
177  11   18   
178  15   10   
179  3    15   
180  17   6    
181  8    16   
182  11   12   
183  13   11   
184  10   10   
185  6    3    
186  9    12   
187  14   12   
188  12   11   
189  11   4    
190  11   8    
191  5    6    
192  18   6    
193  3    14   
194  17   8    
195  5    12   
196  17   11   
197  11   7    
198  12   17   
199  4    15   
200  14   7    
201  6    10   
202  10   6    
203  13   9    
204  8    1    
205  5    11   
206  14   11   
207  6    13   
208  13   14   
209  4    8    
210  1    9    
211  6    16   
212  8    14   
213  14   13   
214  17   17   
215  6    11   
216  5    5    
217  16   7    
218  13   4    
219  14   15   
220  12   13   
221  5    4    
222  8    18   
223  1    10   
224  5    9    
225  5    14   
226  13   2    
227  18   17   
228  10   12   
229  9    15   
230  14   9    
231  10   13   
232  2    12   
233  16   11   
234  13   3    
235  16   6    
236  7    6    
237  10   2    
238  17   14   
239  11   15   
240  11   5    
241  1    12   
242  11   9    
243  12   10   
244  6    18   
245  9    14   
246  10   11   
247  8    11   
248  10   15   
249  2    7    
250  9    1    
251  15   11   
252  4    17   
253  17   12   
254  11   3    
255  15   8    
256  2    5    
257  8    7    
258  13   12   
259  9    10   
260  9    11   
261  13   15   
262  10   5    
263  15   12   
264  7    3    
265  8    3    
266  3    8    
267  11   1    
268  9    6    
269  17   13   
270  7    2    
271  15   7    
272  4    16   
273  12   3    
274  15   1    
275  11   10   
276  16   16   
277  9    18   
278  16   10   
279  14   6    
280  6    15   
281  5    13   
282  18   14   
283  11   2    
284  7    9    
285  12   6    
286  17   10   
287  6    14   
288  13   10   
289  4    4    
290  7    15   
291  14   1    
292  2    10   
293  4    3    
294  16   5    
295  14   3    
296  8    9    
297  7    5    
298  14   17   
299  1    7    
300  2    11   
301  18   8    
302  9    17   
303  15   5    
304  5    3    
305  6    5    
306  9    13   
307  14   8    
308  7    11   
309  10   1    
310  13   5    
311  10   3    
312  10   17   
313  9    2    
314  6    2    
315  12   12   
