0    19   14   
1    18   19   
2    0    16   
3    8    19   
4    5    0    
5    17   0    
6    3    0    
7    19   15   
8    11   0    
9    0    10   
10   19   17   
11   13   0    
12   6    19   
13   2    19   
14   19   16   
15   1    19   
16   5    19   
17   6    0    
18   4    0    
19   13   19   
20   19   1    
21   0    4    
22   10   0    
23   0    5    
24   19   2    
25   0    1    
26   4    19   
27   12   19   
28   12   0    
29   8    0    
30   19   5    
31   19   8    
32   0    15   
33   0    12   
34   16   19   
35   0    6    
36   19   3    
37   14   0    
38   19   6    
39   0    17   
40   17   19   
41   0    7    
42   0    8    
43   19   12   
44   3    19   
45   19   9    
46   0    2    
47   15   0    
48   0    11   
49   19   18   
50   11   19   
51   0    9    
52   1    0    
53   0    14   
54   19   11   
55   0    3    
56   10   19   
57   7    19   
58   0    18   
59   19   13   
60   2    0    
61   14   19   
62   7    0    
63   9    19   
64   16   13   
65   18   2    
66   18   8    
67   8    7    
68   12   3    
69   4    17   
70   10   6    
71   8    8    
72   15   8    
73   3    12   
74   5    6    
75   6    6    
76   9    4    
77   10   14   
78   9    3    
79   4    2    
80   9    18   
81   15   13   
82   15   7    
83   8    16   
84   13   5    
85   10   1    
86   15   4    
87   11   10   
88   7    9    
89   11   15   
90   4    12   
91   3    14   
92   12   18   
93   14   13   
94   8    10   
95   10   12   
96   6    17   
97   2    5    
98   13   8    
99   8    4    
100  4    18   
101  8    3    
102  13   10   
103  9    7    
104  12   12   
105  15   6    
106  4    11   
107  6    16   
108  13   4    
109  8    18   
110  5    11   
111  15   16   
112  15   17   
113  2    12   
114  15   15   
115  2    10   
116  5    16   
117  14   8    
118  11   4    
119  4    10   
120  7    6    
121  11   17   
122  8    15   
123  5    4    
124  7    5    
125  6    13   
126  6    10   
127  10   11   
128  12   15   
129  3    10   
130  12   11   
131  6    9    
132  2    15   
133  18   6    
134  10   18   
135  10   9    
136  17   8    
137  14   17   
138  1    11   
139  4    16   
140  13   18   
141  7    1    
142  14   15   
143  8    1    
144  12   1    
145  14   12   
146  7    12   
147  7    17   
148  2    11   
149  17   3    
150  3    9    
151  16   7    
152  1    6    
153  3    3    
154  7    10   
155  13   2    
156  3    7    
157  14   3    
158  11   8    
159  6    1    
160  16   3    
161  14   5    
162  6    3    
163  12   16   
164  16   5    
165  14   6    
166  11   11   
167  13   17   
168  5    13   
169  13   9    
170  17   7    
171  4    3    
172  6    8    
173  7    13   
174  6    5    
175  7    4    
176  4    9    
177  3    2    
178  14   16   
179  5    10   
180  3    5    
181  11   3    
182  8    6    
183  11   2    
184  9    8    
185  15   12   
186  4    13   
187  9    17   
188  18   4    
189  14   7    
190  0    13   
191  8    9    
192  8    14   
193  6    15   
194  10   2    
195  11   6    
196  10   10   
197  9    13   
198  10   15   
199  5    3    
200  4    15   
201  17   6    
202  9    9    
203  12   13   
204  1    13   
205  2    2    
206  5    12   
207  7    3    
208  3    15   
209  17   10   
210  6    11   
211  12   7    
212  3    16   
213  1    8    
214  15   2    
215  8    11   
216  10   8    
217  1    14   
218  3    17   
219  2    9    
220  3    13   
221  4    8    
222  6    2    
223  12   6    
224  5    8    
225  11   14   
226  12   4    
227  1    7    
228  12   5    
229  18   5    
230  8    2    
231  12   9    
232  5    2    
233  16   10   
234  11   16   
235  12   8    
236  9    14   
237  2    13   
238  12   2    
239  11   5    
240  15   5    
241  7    7    
242  5    14   
243  12   17   
244  14   9    
245  7    16   
246  16   2    
247  5    17   
248  2    14   
249  13   13   
250  16   9    
251  4    6    
252  10   4    
253  5    15   
254  13   3    
255  11   13   
256  3    11   
257  6    18   
258  4    5    
259  6    14   
260  15   10   
261  9    16   
262  7    2    
263  13   7    
264  13   11   
265  13   12   
266  2    17   
267  5    9    
268  14   1    
269  19   7    
270  11   7    
271  2    4    
272  17   15   
273  14   11   
274  17   9    
275  1    5    
276  11   1    
277  9    1    
278  14   4    
279  7    18   
280  11   12   
281  9    5    
282  14   10   
283  8    13   
284  16   8    
285  14   14   
286  10   16   
287  10   17   
288  9    12   
289  2    3    
290  9    0    
291  4    7    
292  17   13   
293  10   13   
294  14   2    
295  16   15   
296  11   18   
297  7    8    
298  9    11   
299  7    15   
300  2    16   
301  16   6    
302  17   5    
303  8    5    
304  5    5    
305  9    10   
306  13   16   
307  4    14   
308  8    17   
309  15   3    
310  5    7    
311  18   12   
312  17   12   
313  10   5    
314  3    6    
315  12   14   
316  15   14   
317  15   11   
318  2    7    
319  17   4    
320  16   12   
321  1    10   
322  11   9    
323  6    7    
324  16   11   
325  6    12   
326  7    14   
327  15   9    
328  2    6    
329  16   4    
330  3    4    
331  19   10   
332  1    9    
333  8    12   
334  18   11   
335  13   1    
336  3    8    
337  16   14   
338  12   10   
339  10   3    
340  13   6    
341  17   11   
342  9    2    
343  9    15   
344  18   10   
345  9    6    
346  16   16   
347  13   15   
348  6    4    
349  7    11   
350  4    4    
351  1    12   
352  13   14   
353  10   7    
354  18   7    
