0    4    0    
1    8    0    
2    9    6    
3    0    5    
4    0    4    
5    6    0    
6    1    0    
7    3    9    
8    7    9    
9    9    3    
10   0    2    
11   0    6    
12   9    4    
13   0    8    
14   3    0    
15   0    7    
16   5    0    
17   9    2    
18   7    0    
19   0    3    
20   4    9    
21   9    7    
22   2    9    
23   5    9    
24   8    9    
25   4    4    
26   6    8    
27   7    4    
28   5    2    
29   7    6    
30   6    2    
31   2    4    
32   4    1    
33   2    5    
34   2    3    
35   1    3    
36   5    5    
37   3    6    
38   6    5    
39   2    6    
40   5    7    
41   5    3    
42   3    3    
43   4    5    
44   6    7    
45   2    1    
46   3    4    
47   3    2    
48   7    5    
49   1    5    
50   1    6    
51   8    2    
52   3    7    
53   5    4    
54   6    3    
55   6    4    
56   2    7    
57   2    2    
58   3    1    
59   4    7    
60   4    2    
61   8    5    
62   6    6    
63   7    3    
64   8    6    
65   1    2    
66   5    6    
67   8    4    
68   1    7    
69   7    7    
70   4    3    
71   5    1    
72   3    5    
73   7    2    
74   1    4    
75   4    6    
