0    28   0    
1    30   39   
2    17   39   
3    36   39   
4    34   39   
5    15   0    
6    9    39   
7    39   24   
8    39   10   
9    30   0    
10   0    33   
11   0    36   
12   22   0    
13   39   20   
14   0    24   
15   0    34   
16   39   30   
17   23   39   
18   33   0    
19   8    39   
20   13   39   
21   0    26   
22   39   1    
23   7    0    
24   39   13   
25   21   0    
26   0    13   
27   21   39   
28   4    0    
29   20   0    
30   39   34   
31   10   39   
32   23   0    
33   0    22   
34   0    19   
35   0    20   
36   39   29   
37   39   22   
38   0    27   
39   0    1    
40   0    11   
41   18   0    
42   39   2    
43   39   15   
44   39   6    
45   35   0    
46   7    39   
47   16   39   
48   22   39   
49   10   0    
50   0    21   
51   11   39   
52   6    39   
53   6    0    
54   5    0    
55   0    7    
56   17   0    
57   37   39   
58   2    39   
59   3    0    
60   31   39   
61   15   39   
62   13   0    
63   24   0    
64   39   31   
65   0    14   
66   0    8    
67   12   39   
68   0    38   
69   39   5    
70   37   0    
71   38   39   
72   39   8    
73   0    12   
74   39   38   
75   0    29   
76   16   0    
77   39   21   
78   0    37   
79   1    39   
80   14   0    
81   25   39   
82   28   39   
83   39   12   
84   39   36   
85   39   4    
86   20   39   
87   32   39   
88   39   18   
89   31   0    
90   29   0    
91   39   25   
92   39   23   
93   9    0    
94   0    31   
95   4    39   
96   0    18   
97   32   0    
98   5    39   
99   26   39   
100  39   33   
101  1    0    
102  0    5    
103  0    10   
104  0    25   
105  0    30   
106  39   14   
107  14   39   
108  39   37   
109  0    17   
110  12   0    
111  2    0    
112  39   27   
113  39   32   
114  8    0    
115  34   0    
116  39   35   
117  0    35   
118  19   39   
119  24   39   
120  33   39   
121  23   38   
122  5    15   
123  1    5    
124  29   22   
125  33   19   
126  8    4    
127  8    5    
128  7    15   
129  5    25   
130  14   19   
131  36   28   
132  9    35   
133  14   37   
134  10   12   
135  30   13   
136  18   9    
137  20   10   
138  26   34   
139  31   23   
140  38   19   
141  9    14   
142  26   29   
143  38   25   
144  4    30   
145  18   27   
146  31   13   
147  12   16   
148  3    13   
149  16   34   
150  24   10   
151  38   14   
152  12   14   
153  12   12   
154  1    13   
155  26   22   
156  8    18   
157  7    17   
158  38   15   
159  11   33   
160  37   28   
161  30   23   
162  28   19   
163  13   6    
164  28   36   
165  31   32   
166  32   10   
167  24   17   
168  24   1    
169  0    15   
170  21   29   
171  37   20   
172  6    10   
173  27   37   
174  28   25   
175  34   16   
176  24   9    
177  17   3    
178  13   8    
179  8    11   
180  3    16   
181  20   36   
182  18   17   
183  22   32   
184  30   1    
185  32   14   
186  37   24   
187  37   31   
188  37   9    
189  16   20   
190  31   27   
191  12   20   
192  13   35   
193  12   4    
194  27   12   
195  24   20   
196  6    6    
197  25   19   
198  8    1    
199  11   5    
200  2    2    
201  15   36   
202  17   33   
203  4    5    
204  16   36   
205  32   24   
206  8    25   
207  20   13   
208  12   17   
209  26   20   
210  2    16   
211  5    13   
212  16   24   
213  11   13   
214  20   8    
215  33   12   
216  22   37   
217  22   19   
218  20   23   
219  6    23   
220  13   10   
221  22   21   
222  7    38   
223  19   6    
224  7    3    
225  19   11   
226  17   17   
227  1    16   
228  2    27   
229  23   23   
230  18   31   
231  5    27   
232  20   20   
233  28   28   
234  13   18   
235  10   5    
236  37   25   
237  30   4    
238  25   20   
239  14   15   
240  27   24   
241  9    26   
242  30   33   
243  10   13   
244  9    13   
245  27   21   
246  32   22   
247  27   36   
248  16   3    
249  15   35   
250  17   18   
251  16   13   
252  24   22   
253  16   14   
254  1    20   
255  21   9    
256  12   29   
257  3    25   
258  26   7    
259  16   11   
260  20   3    
261  10   38   
262  9    12   
263  32   36   
264  3    22   
265  35   31   
266  4    20   
267  15   32   
268  14   16   
269  26   35   
270  31   9    
271  21   35   
272  20   1    
273  17   4    
274  20   6    
275  23   12   
276  18   29   
277  19   28   
278  29   8    
279  17   13   
280  38   22   
281  4    28   
282  7    13   
283  19   5    
284  33   23   
285  23   5    
286  31   17   
287  35   17   
288  3    8    
289  22   16   
290  3    20   
291  18   13   
292  31   26   
293  20   5    
294  13   31   
295  21   6    
296  20   4    
297  22   2    
298  25   14   
299  21   33   
300  30   17   
301  8    17   
302  17   27   
303  13   20   
304  17   10   
305  27   6    
306  5    11   
307  23   9    
308  34   28   
309  35   24   
310  18   3    
311  27   18   
312  25   8    
313  18   22   
314  21   36   
315  15   25   
316  22   14   
317  35   23   
318  20   12   
319  18   5    
320  25   33   
321  28   14   
322  8    15   
323  7    35   
324  17   9    
325  10   6    
326  33   10   
327  16   12   
328  26   27   
329  7    31   
330  21   21   
331  28   9    
332  3    29   
333  29   18   
334  4    17   
335  6    13   
336  12   3    
337  6    11   
338  30   10   
339  28   31   
340  12   11   
341  18   15   
342  11   30   
343  19   23   
344  38   13   
345  19   12   
346  5    12   
347  18   11   
348  13   23   
349  2    22   
350  13   9    
351  13   14   
352  14   7    
353  33   16   
354  12   28   
355  28   29   
356  15   33   
357  15   18   
358  28   20   
359  35   13   
360  11   10   
361  38   31   
362  25   11   
363  24   25   
364  28   3    
365  9    7    
366  6    7    
367  16   38   
368  6    15   
369  24   14   
370  16   33   
371  29   31   
372  32   28   
373  0    28   
374  21   26   
375  35   6    
376  1    15   
377  2    34   
378  22   23   
379  24   27   
380  10   2    
381  17   20   
382  29   4    
383  14   11   
384  26   32   
385  15   24   
386  22   28   
387  23   17   
388  19   13   
389  17   16   
390  3    32   
391  10   21   
392  12   10   
393  19   26   
394  33   22   
395  27   22   
396  11   20   
397  16   10   
398  35   9    
399  15   17   
400  25   23   
401  8    37   
402  10   31   
403  30   34   
404  17   11   
405  34   6    
406  20   30   
407  31   19   
408  24   23   
409  35   14   
410  24   26   
411  37   7    
412  13   38   
413  25   37   
414  12   35   
415  30   21   
416  13   16   
417  9    9    
418  21   5    
419  3    21   
420  8    27   
421  38   21   
422  34   12   
423  21   32   
424  24   16   
425  20   18   
426  31   11   
427  10   33   
428  16   23   
429  25   15   
430  38   16   
431  30   38   
432  20   11   
433  18   7    
434  39   28   
435  35   7    
436  23   28   
437  29   2    
438  24   5    
439  37   10   
440  30   30   
441  6    14   
442  20   14   
443  17   12   
444  1    19   
445  4    9    
446  25   5    
447  8    28   
448  23   25   
449  24   4    
450  24   15   
451  21   10   
452  17   15   
453  15   28   
454  27   20   
455  9    27   
456  8    21   
457  15   16   
458  17   6    
459  16   25   
460  11   6    
461  15   37   
462  25   10   
463  22   17   
464  8    8    
465  2    25   
466  13   21   
467  32   31   
468  3    18   
469  30   19   
470  10   26   
471  36   22   
472  25   27   
473  28   15   
474  4    23   
475  13   24   
476  12   9    
477  14   31   
478  38   20   
479  7    16   
480  37   33   
481  28   12   
482  7    27   
483  6    18   
484  22   13   
485  17   5    
486  31   8    
487  25   9    
488  16   4    
489  2    37   
490  29   12   
491  6    5    
492  34   8    
493  24   12   
494  10   17   
495  16   18   
496  30   27   
497  12   34   
498  6    8    
499  3    28   
500  7    14   
501  31   38   
502  25   13   
503  10   11   
504  14   1    
505  17   26   
506  16   29   
507  4    2    
508  11   11   
509  18   20   
510  3    34   
511  32   6    
512  22   8    
513  3    6    
514  8    9    
515  14   24   
516  6    21   
517  31   12   
518  4    14   
519  17   24   
520  18   34   
521  14   22   
522  21   8    
523  10   18   
524  2    19   
525  26   17   
526  31   5    
527  15   12   
528  27   25   
529  14   6    
530  32   19   
531  14   18   
532  28   35   
533  3    11   
534  11   26   
535  18   16   
536  39   26   
537  15   30   
538  27   11   
539  7    20   
540  5    10   
541  36   10   
542  36   0    
543  29   3    
544  37   4    
545  3    9    
546  1    12   
547  28   24   
548  25   22   
549  14   8    
550  23   34   
551  14   10   
552  7    33   
553  15   20   
554  19   19   
555  29   17   
556  19   1    
557  24   13   
558  15   21   
559  25   31   
560  31   7    
561  16   9    
562  28   8    
563  11   7    
564  17   30   
565  9    16   
566  5    22   
567  7    19   
568  30   25   
569  19   24   
570  4    15   
571  31   34   
572  26   13   
573  34   5    
574  14   21   
575  6    25   
576  20   24   
577  15   31   
578  4    26   
579  30   9    
580  13   32   
581  12   33   
582  39   19   
583  26   19   
584  30   26   
585  15   22   
586  27   5    
587  19   35   
588  26   6    
589  20   7    
590  32   9    
591  32   26   
592  7    21   
593  15   9    
594  19   7    
595  34   18   
596  19   16   
597  24   3    
598  18   19   
599  23   30   
600  23   13   
601  34   32   
602  37   23   
603  11   16   
604  10   16   
605  31   10   
606  28   23   
607  28   7    
608  34   31   
609  18   30   
610  32   15   
611  32   23   
612  1    2    
613  17   31   
614  12   32   
615  29   32   
616  8    3    
617  4    27   
618  17   28   
619  26   38   
620  24   11   
621  34   11   
622  13   30   
623  5    24   
624  27   13   
625  22   18   
626  16   1    
627  5    28   
628  32   18   
629  7    23   
630  22   31   
631  13   7    
632  3    5    
633  24   35   
634  36   19   
635  23   27   
636  34   9    
637  6    31   
638  32   37   
639  5    31   
640  10   30   
641  34   17   
642  31   24   
643  8    31   
644  36   12   
645  10   4    
646  24   19   
647  8    10   
648  2    18   
649  26   26   
650  9    3    
651  7    8    
652  31   16   
653  21   34   
654  8    14   
655  17   32   
656  18   4    
657  2    11   
658  17   14   
659  26   28   
660  28   5    
661  22   7    
662  36   35   
663  23   36   
664  21   7    
665  18   28   
666  9    19   
667  22   12   
668  20   26   
669  29   29   
670  28   22   
671  4    22   
672  9    36   
673  18   6    
674  26   24   
675  9    34   
676  30   6    
677  32   20   
678  21   22   
679  7    36   
680  18   35   
681  4    12   
682  2    15   
683  11   22   
684  18   25   
685  31   20   
686  28   32   
687  25   26   
688  11   8    
689  7    10   
690  2    21   
691  13   11   
692  11   28   
693  27   10   
694  38   32   
695  8    36   
696  4    8    
697  38   18   
698  39   9    
699  35   29   
700  38   29   
701  14   13   
702  19   3    
703  29   20   
704  6    19   
705  34   26   
706  9    21   
707  33   26   
708  36   31   
709  11   23   
710  29   30   
711  11   19   
712  19   14   
713  9    24   
714  22   35   
715  6    27   
716  23   31   
717  25   24   
718  14   17   
719  30   35   
720  5    16   
721  1    36   
722  32   11   
723  27   19   
724  6    36   
725  10   27   
726  15   11   
727  34   20   
728  27   14   
729  21   15   
730  32   7    
731  24   30   
732  37   2    
733  12   19   
734  25   6    
735  15   10   
736  28   16   
737  37   13   
738  26   1    
739  35   30   
740  29   16   
741  36   30   
742  4    16   
743  19   18   
744  32   34   
745  20   37   
746  25   25   
747  9    8    
748  33   27   
749  4    37   
750  4    25   
751  26   14   
752  26   37   
753  4    21   
754  8    30   
755  23   7    
756  24   7    
757  7    29   
758  23   20   
759  33   25   
760  22   33   
761  35   15   
762  9    4    
763  16   32   
764  25   32   
765  30   8    
766  21   25   
767  15   26   
768  9    11   
769  17   29   
770  16   26   
771  20   21   
772  22   38   
773  11   2    
774  11   29   
775  36   6    
776  11   9    
777  12   6    
778  25   18   
779  2    10   
780  26   4    
781  6    1    
782  33   14   
783  15   5    
784  8    34   
785  37   11   
786  15   23   
787  29   25   
788  19   2    
789  29   11   
790  2    20   
791  16   22   
792  14   4    
793  16   15   
794  35   10   
795  16   30   
796  5    23   
797  4    24   
798  22   29   
799  23   10   
800  15   19   
801  7    25   
802  28   27   
803  32   16   
804  16   8    
805  14   35   
806  9    18   
807  34   27   
808  10   32   
809  37   22   
810  17   22   
811  3    3    
812  22   27   
813  14   27   
814  31   14   
815  9    6    
816  29   6    
817  15   38   
818  3    12   
819  14   28   
820  2    13   
821  33   20   
822  36   25   
823  32   32   
824  21   2    
825  14   29   
826  6    37   
827  6    29   
828  33   15   
829  9    15   
830  27   29   
831  30   20   
832  26   10   
833  7    22   
834  22   20   
835  23   26   
836  13   22   
837  17   37   
838  26   23   
839  10   10   
840  23   16   
841  24   8    
842  26   30   
843  28   10   
844  6    9    
845  23   33   
846  34   33   
847  33   31   
848  32   27   
849  9    37   
850  14   2    
851  18   23   
852  14   14   
853  28   38   
854  8    22   
855  34   23   
856  19   15   
857  24   21   
858  31   22   
859  27   16   
860  21   20   
861  7    30   
862  13   13   
863  23   11   
864  15   13   
865  30   28   
866  23   22   
867  27   27   
868  21   12   
869  33   9    
870  8    20   
871  1    11   
872  28   18   
873  12   37   
874  10   15   
875  1    32   
876  21   38   
877  14   32   
878  34   29   
879  38   30   
880  6    12   
881  23   15   
882  11   35   
883  3    14   
884  15   8    
885  13   15   
886  26   21   
887  26   33   
888  12   13   
889  22   24   
890  14   34   
891  5    8    
892  16   27   
893  15   15   
894  28   4    
895  26   15   
896  26   31   
897  35   22   
898  27   32   
899  28   21   
900  21   31   
901  27   1    
902  11   27   
903  19   21   
904  37   34   
905  33   29   
906  34   4    
907  33   18   
908  8    26   
909  34   19   
910  31   36   
911  20   31   
912  22   9    
913  17   8    
914  23   6    
915  36   9    
916  18   32   
917  36   17   
918  34   25   
919  31   29   
920  29   35   
921  37   30   
922  20   19   
923  24   6    
924  16   19   
925  4    18   
926  27   30   
927  38   24   
928  2    5    
929  18   18   
930  19   29   
931  3    17   
932  11   34   
933  3    19   
934  7    5    
935  1    9    
936  6    28   
937  5    19   
938  7    7    
939  20   32   
940  19   25   
941  29   23   
942  26   11   
943  16   31   
944  33   11   
945  30   11   
946  27   9    
947  31   30   
948  19   36   
949  29   13   
950  27   8    
951  21   11   
952  25   34   
953  17   25   
954  19   17   
955  29   37   
956  37   14   
957  19   31   
958  36   26   
959  24   34   
960  23   14   
961  15   29   
962  27   34   
963  10   22   
964  28   37   
965  6    33   
966  21   4    
967  22   4    
968  29   14   
969  29   21   
970  13   25   
971  30   3    
972  12   18   
973  22   22   
974  11   24   
975  18   10   
976  9    31   
977  30   24   
978  8    12   
979  16   16   
980  2    12   
981  31   28   
982  16   35   
983  34   13   
984  17   19   
985  26   12   
986  35   19   
987  14   30   
988  23   32   
989  27   31   
990  14   33   
991  20   25   
992  24   28   
993  5    17   
994  4    34   
995  2    9    
996  28   17   
997  18   21   
998  11   14   
999  10   25   
1000 5    21   
1001 22   11   
1002 29   19   
1003 16   21   
1004 18   8    
1005 23   24   
1006 28   11   
1007 33   35   
1008 27   3    
1009 10   9    
1010 10   35   
1011 33   32   
1012 19   9    
1013 8    29   
1014 13   29   
1015 27   17   
1016 12   7    
1017 13   3    
1018 30   29   
1019 11   25   
1020 27   15   
1021 23   29   
1022 7    18   
1023 19   4    
1024 21   30   
1025 36   33   
1026 21   1    
1027 8    19   
1028 23   19   
1029 21   16   
1030 4    32   
1031 13   5    
1032 19   10   
1033 19   32   
1034 5    14   
1035 34   15   
1036 23   8    
1037 22   15   
1038 2    30   
1039 6    22   
1040 19   33   
1041 10   20   
1042 21   18   
1043 19   20   
1044 24   32   
1045 16   6    
1046 15   4    
1047 9    30   
1048 35   12   
1049 33   33   
1050 7    28   
1051 9    17   
1052 16   2    
1053 31   18   
1054 29   38   
1055 29   9    
1056 13   19   
1057 14   9    
1058 10   36   
1059 18   33   
1060 22   34   
1061 25   28   
1062 14   5    
1063 28   33   
1064 10   23   
1065 35   16   
1066 24   24   
1067 28   6    
1068 16   28   
1069 27   23   
1070 6    24   
1071 5    6    
1072 38   23   
1073 37   32   
1074 32   5    
1075 14   20   
1076 4    19   
1077 17   7    
1078 34   22   
1079 16   37   
1080 20   15   
1081 12   8    
1082 20   29   
1083 16   17   
1084 31   33   
1085 30   7    
1086 29   28   
1087 34   21   
1088 31   2    
1089 25   29   
1090 5    2    
1091 24   18   
1092 29   33   
1093 1    14   
1094 26   16   
1095 30   14   
1096 15   6    
1097 11   3    
1098 29   15   
1099 8    33   
1100 11   15   
1101 3    27   
1102 13   17   
1103 13   28   
1104 23   37   
1105 7    34   
1106 11   4    
1107 22   10   
1108 11   32   
1109 32   3    
1110 8    32   
1111 15   1    
1112 19   30   
1113 4    11   
1114 21   23   
1115 6    16   
1116 11   17   
1117 25   17   
1118 37   6    
1119 9    23   
1120 24   29   
1121 28   13   
1122 33   21   
1123 28   30   
1124 12   25   
1125 26   2    
1126 10   28   
1127 21   27   
1128 1    17   
1129 7    26   
1130 32   17   
1131 35   11   
1132 20   34   
1133 22   6    
1134 17   23   
1135 7    12   
1136 18   14   
1137 14   12   
1138 28   26   
1139 33   24   
1140 12   21   
1141 19   38   
1142 25   21   
1143 22   3    
1144 14   25   
1145 8    13   
1146 10   8    
1147 11   37   
1148 25   16   
1149 37   35   
1150 12   26   
1151 18   12   
1152 11   21   
1153 3    23   
1154 16   7    
1155 27   28   
1156 13   37   
1157 13   26   
1158 17   2    
1159 19   22   
1160 33   30   
1161 2    23   
1162 8    23   
1163 9    28   
1164 17   21   
1165 26   8    
1166 36   36   
1167 24   31   
1168 35   33   
1169 11   12   
1170 3    7    
1171 12   27   
1172 11   36   
1173 2    24   
1174 18   2    
1175 4    10   
1176 5    20   
1177 1    30   
1178 9    25   
1179 35   20   
1180 35   28   
1181 9    5    
1182 38   3    
1183 11   31   
1184 15   27   
1185 22   25   
1186 3    15   
1187 26   25   
1188 12   23   
1189 31   31   
1190 1    24   
1191 6    20   
1192 21   17   
1193 12   15   
1194 20   33   
1195 29   26   
1196 31   4    
1197 25   12   
1198 38   28   
1199 9    20   
1200 20   27   
1201 21   13   
1202 27   7    
1203 32   12   
1204 16   5    
1205 31   25   
1206 10   34   
1207 1    10   
1208 11   18   
1209 30   22   
1210 32   25   
1211 29   27   
1212 21   19   
1213 9    1    
1214 27   26   
1215 12   30   
1216 13   12   
1217 8    24   
1218 25   35   
1219 20   17   
1220 10   19   
1221 22   30   
1222 35   34   
1223 20   28   
1224 3    4    
1225 25   30   
1226 33   28   
1227 10   3    
1228 10   14   
1229 7    24   
1230 29   10   
1231 19   34   
1232 23   21   
1233 30   18   
1234 12   24   
1235 21   24   
1236 25   36   
1237 12   36   
1238 0    4    
1239 22   5    
1240 5    18   
1241 35   27   
1242 0    32   
1243 31   21   
1244 6    30   
1245 26   18   
1246 20   9    
1247 30   12   
1248 36   23   
1249 18   24   
1250 36   29   
1251 9    29   
1252 18   26   
1253 20   22   
1254 13   1    
1255 15   14   
1256 24   33   
1257 39   16   
1258 14   23   
1259 5    26   
1260 20   35   
1261 10   24   
1262 23   18   
1263 21   14   
1264 37   21   
1265 19   27   
1266 20   16   
1267 22   26   
1268 5    32   
1269 7    11   
1270 13   27   
1271 33   34   
1272 19   8    
1273 6    26   
1274 21   28   
1275 8    16   
